   Ion no outlier outlier outlier(%)
1   Ca       9694     305       0.22
2   Cd       9950      49       0.04
3   Co       9966      33       0.02
4   Cu       9870     129       0.09
5   Fe       9833     166       0.12
6    K       9980      19       0.01
7   Mg       9991       8       0.01
8   Mn       9984      15       0.01
9   Mo       9909      90       0.06
10  Na       9965      34       0.02
11  Ni       9849     150       0.11
12   P       9991       8       0.01
13   S       9923      76       0.05
14  Zn       9888     111       0.08
