   Ion     Min 1st Quartile Median   Mean 3rd Quartile    Max Variance
1   Ca  -4.135       -1.937  0.057  0.945        3.187 10.698   15.266
2   Cd  -2.894       -0.341  0.596  0.558        1.257  4.214    2.111
3   Co  -1.863       -0.383  0.167  0.568        1.371  4.942    2.629
4   Cu  -1.126       -0.643 -0.363  0.318        0.944  4.662    2.012
5   Fe  -1.789       -0.733  -0.48 -0.263       -0.006  2.043    0.724
6    K  -2.099       -0.734  0.005  0.285        0.818  5.242    2.307
7   Mg -12.918       -1.082  0.608  0.236        2.425  9.631    12.37
8   Mn   -1.85       -0.377   0.93  0.917         2.06  4.133     2.39
9   Mo  -5.016       -0.672  1.354  1.522        3.409 11.099    10.04
10  Na  -4.029       -1.121 -0.156 -0.242        0.458  3.238    1.791
11  Ni  -1.476       -0.414  0.454  0.549        1.009  6.043    1.918
12   P  -3.697       -1.269 -0.115 -0.179        0.724  3.667    2.441
13   S  -1.345       -0.396  0.283  0.309        0.767  4.961    1.103
14  Zn  -1.969       -0.773 -0.476 -0.096         0.44  4.263    1.304
