   Ion      Min 1st Quartile   Median     Mean 3rd Quartile       Max   Variance
1   Ca    0.449        31.73    40.44   45.071       51.015   902.568    829.525
2   Cd    0.174        0.866    0.988    1.002        1.121     2.512      0.051
3   Co    0.007        0.142     0.16    0.162        0.184     0.702      0.001
4   Cu    0.587        1.344    1.586    1.717        1.831    327.79      16.91
5   Fe    0.002        5.527    7.295    9.469        9.332  6624.526   5154.611
6    K  284.273     2060.619 2495.265 2492.765     2879.551 17777.452 534784.375
7   Mg   115.63      546.325  679.275  642.578      753.678  3838.479  31947.598
8   Mn     0.02        0.982    1.206    1.197         1.38     7.339      0.106
9   Mo    0.158        0.656    0.934    1.109        1.327    60.879      1.855
10  Na    0.184      128.831   185.25  196.545      247.747   892.968   9027.944
11  Ni    0.074        0.982    1.258    1.693        1.543  2323.058    565.618
12   P 1194.953       3833.9 4514.476 4289.109      4952.98 21695.748 1151197.05
13   S   20.592       434.61  512.845  529.493      605.436  5484.638  37212.137
14  Zn    7.659       14.785   16.549   17.114       18.334  2221.586    511.804
